Period total fertility rates and period total fertility rates by age 40
Last modified: 06/10/2017
Code Year       TFR     TFR40
AUT  1951     2.021     1.934
AUT  1952     2.061     1.977
AUT  1953     2.094     2.012
AUT  1954     2.156     2.071
AUT  1955     2.289     2.206
AUT  1956     2.486     2.395
AUT  1957     2.572     2.479
AUT  1958     2.600     2.513
AUT  1959     2.688     2.598
AUT  1960     2.696     2.609
AUT  1961     2.786     2.699
AUT  1962     2.800     2.711
AUT  1963     2.821     2.736
AUT  1964     2.795     2.705
AUT  1965     2.703     2.620
AUT  1966     2.663     2.584
AUT  1967     2.621     2.548
AUT  1968     2.586     2.516
AUT  1969     2.488     2.423
AUT  1970     2.292     2.231
AUT  1971     2.200     2.138
AUT  1972     2.085     2.027
AUT  1973     1.938     1.885
AUT  1974     1.908     1.856
AUT  1975     1.827     1.781
AUT  1976     1.688     1.650
AUT  1977     1.631     1.594
AUT  1978     1.604     1.572
AUT  1979     1.598     1.570
AUT  1980     1.652     1.625
AUT  1981     1.674     1.648
AUT  1982     1.661     1.636
AUT  1983     1.559     1.537
AUT  1984     1.522     1.502
AUT  1985     1.474     1.454
AUT  1986     1.449     1.430
AUT  1987     1.432     1.412
AUT  1988     1.447     1.429
AUT  1989     1.446     1.427
AUT  1990     1.457     1.437
AUT  1991     1.507     1.488
AUT  1992     1.505     1.485
AUT  1993     1.501     1.480
AUT  1994     1.465     1.445
AUT  1995     1.423     1.403
AUT  1996     1.446     1.424
AUT  1997     1.393     1.370
AUT  1998     1.370     1.348
AUT  1999     1.340     1.316
AUT  2000     1.364     1.341
AUT  2001     1.331     1.305
AUT  2002     1.394     1.366
AUT  2003     1.376     1.346
AUT  2004     1.419     1.389
AUT  2005     1.408     1.376
AUT  2006     1.409     1.374
AUT  2007     1.385     1.349
AUT  2008     1.417     1.378
AUT  2009     1.396     1.355
AUT  2010     1.443     1.401
AUT  2011     1.431     1.385
AUT  2012     1.440     1.392
AUT  2013     1.436     1.385
AUT  2014     1.464     1.412
BLR  1964     2.282     2.191
BLR  1965     2.241     2.152
BLR  1966     2.309     2.222
BLR  1967     2.286     2.210
BLR  1968     2.316     2.234
BLR  1969     2.290     2.219
BLR  1970     2.354     2.291
BLR  1971     2.360     2.302
BLR  1972     2.311     2.256
BLR  1973     2.227     2.174
BLR  1974     2.214     2.166
BLR  1975     2.157     2.113
BLR  1976     2.120     2.078
BLR  1977     2.087     2.047
BLR  1978     2.065     2.031
BLR  1979     2.028     1.997
BLR  1980     2.007     1.979
BLR  1981     2.008     1.980
BLR  1982     1.991     1.965
BLR  1983     2.154     2.131
BLR  1984     2.096     2.072
BLR  1985     2.055     2.033
BLR  1986     2.156     2.130
BLR  1987     2.086     2.061
BLR  1988     2.120     2.096
BLR  1989     2.028     2.007
BLR  1990     1.913     1.896
BLR  1991     1.806     1.790
BLR  1992     1.765     1.750
BLR  1993     1.624     1.610
BLR  1994     1.535     1.522
BLR  1995     1.407     1.395
BLR  1996     1.335     1.324
BLR  1997     1.250     1.240
BLR  1998     1.300     1.290
BLR  1999     1.311     1.300
BLR  2000     1.318     1.308
BLR  2001     1.287     1.275
BLR  2002     1.241     1.230
BLR  2003     1.232     1.220
BLR  2004     1.234     1.221
BLR  2005     1.253     1.240
BLR  2006     1.335     1.322
BLR  2007     1.430     1.414
BLR  2008     1.488     1.471
BLR  2009     1.509     1.489
BLR  2010     1.495     1.475
BLR  2011     1.516     1.495
BLR  2012     1.621     1.598
BLR  2013     1.668     1.643
BLR  2014     1.697     1.668
BGR  1947     2.829     2.737
BGR  1948     2.875     2.782
BGR  1949     2.869     2.777
BGR  1950     2.927     2.823
BGR  1951     2.424     2.348
BGR  1952     2.428     2.359
BGR  1953     2.411     2.340
BGR  1954     2.360     2.295
BGR  1955     2.380     2.318
BGR  1956     2.345     2.287
BGR  1957     2.254     2.206
BGR  1958     2.231     2.185
BGR  1959     2.235     2.196
BGR  1960     2.312     2.274
BGR  1961     2.291     2.257
BGR  1962     2.241     2.207
BGR  1963     2.211     2.181
BGR  1964     2.184     2.155
BGR  1965     2.086     2.061
BGR  1966     2.025     2.002
BGR  1967     2.022     2.000
BGR  1968     2.269     2.247
BGR  1969     2.268     2.248
BGR  1970     2.173     2.155
BGR  1971     2.102     2.084
BGR  1972     2.028     2.011
BGR  1973     2.148     2.132
BGR  1974     2.289     2.273
BGR  1975     2.226     2.211
BGR  1976     2.243     2.228
BGR  1977     2.206     2.192
BGR  1978     2.149     2.137
BGR  1979     2.155     2.143
BGR  1980     2.054     2.042
BGR  1981     2.003     1.992
BGR  1982     2.012     2.002
BGR  1983     2.006     1.996
BGR  1984     2.009     1.999
BGR  1985     1.978     1.968
BGR  1986     2.019     2.009
BGR  1987     1.965     1.955
BGR  1988     1.972     1.962
BGR  1989     1.889     1.880
BGR  1990     1.787     1.778
BGR  1991     1.644     1.636
BGR  1992     1.544     1.534
BGR  1993     1.466     1.456
BGR  1994     1.378     1.370
BGR  1995     1.249     1.241
BGR  1996     1.257     1.248
BGR  1997     1.122     1.114
BGR  1998     1.152     1.144
BGR  1999     1.284     1.276
BGR  2000     1.322     1.312
BGR  2001     1.236     1.226
BGR  2002     1.213     1.204
BGR  2003     1.234     1.224
BGR  2004     1.287     1.276
BGR  2005     1.314     1.303
BGR  2006     1.378     1.366
BGR  2007     1.417     1.402
BGR  2008     1.479     1.463
BGR  2009     1.567     1.548
CAN  1921     3.528     3.270
CAN  1922     3.400     3.149
CAN  1923     3.229     2.991
CAN  1924     3.217     2.979
CAN  1925     3.130     2.898
CAN  1926     3.353     3.075
CAN  1927     3.316     3.043
CAN  1928     3.294     3.025
CAN  1929     3.217     2.964
CAN  1930     3.281     3.025
CAN  1931     3.194     2.951
CAN  1932     3.081     2.840
CAN  1933     2.863     2.645
CAN  1934     2.801     2.584
CAN  1935     2.751     2.543
CAN  1936     2.692     2.492
CAN  1937     2.639     2.448
CAN  1938     2.696     2.507
CAN  1939     2.648     2.468
CAN  1940     2.758     2.579
CAN  1941     2.820     2.647
CAN  1942     2.954     2.777
CAN  1943     3.028     2.854
CAN  1944     2.998     2.819
CAN  1945     2.999     2.816
CAN  1946     3.359     3.172
CAN  1947     3.580     3.397
CAN  1948     3.421     3.246
CAN  1949     3.440     3.270
CAN  1950     3.431     3.267
CAN  1951     3.478     3.313
CAN  1952     3.624     3.461
CAN  1953     3.702     3.538
CAN  1954     3.815     3.642
CAN  1955     3.820     3.649
CAN  1956     3.841     3.677
CAN  1957     3.930     3.766
CAN  1958     3.893     3.739
CAN  1959     3.943     3.791
CAN  1960     3.909     3.759
CAN  1961     3.853     3.702
CAN  1962     3.770     3.626
CAN  1963     3.680     3.544
CAN  1964     3.512     3.378
CAN  1965     3.149     3.031
CAN  1966     2.815     2.712
CAN  1967     2.596     2.509
CAN  1968     2.455     2.379
CAN  1969     2.404     2.336
CAN  1970     2.312     2.251
CAN  1971     2.138     2.088
CAN  1972     1.965     1.924
CAN  1973     1.875     1.842
CAN  1974     1.830     1.801
CAN  1975     1.832     1.806
CAN  1976     1.782     1.759
CAN  1977     1.750     1.731
CAN  1978     1.697     1.678
CAN  1979     1.695     1.678
CAN  1980     1.680     1.664
CAN  1981     1.652     1.635
CAN  1982     1.637     1.621
CAN  1983     1.621     1.606
CAN  1984     1.625     1.610
CAN  1985     1.611     1.595
CAN  1986     1.594     1.578
CAN  1987     1.576     1.559
CAN  1988     1.599     1.581
CAN  1989     1.659     1.640
CAN  1990     1.715     1.696
CAN  1991     1.714     1.694
CAN  1992     1.711     1.690
CAN  1993     1.682     1.660
CAN  1994     1.685     1.662
CAN  1995     1.670     1.645
CAN  1996     1.631     1.605
CAN  1997     1.567     1.540
CAN  1998     1.555     1.528
CAN  1999     1.543     1.515
CAN  2000     1.507     1.476
CAN  2001     1.535     1.504
CAN  2002     1.512     1.480
CAN  2003     1.541     1.507
CAN  2004     1.547     1.511
CAN  2005     1.565     1.528
CAN  2006     1.613     1.573
CAN  2007     1.659     1.616
CAN  2008     1.685     1.638
CAN  2009     1.675     1.625
CAN  2010     1.638     1.585
CAN  2011     1.618     1.564
CHL  1992     2.499     2.419
CHL  1993     2.442     2.361
CHL  1994     2.394     2.318
CHL  1995     2.307     2.233
CHL  1996     2.271     2.199
CHL  1997     2.210     2.138
CHL  1998     2.173     2.103
CHL  1999     2.105     2.037
CHL  2000     2.084     2.016
CHL  2001     2.053     1.985
CHL  2002     1.987     1.918
CHL  2003     1.943     1.874
CHL  2004     1.908     1.838
CHL  2005     1.894     1.825
CZE  1950     2.799     2.707
CZE  1951     2.769     2.683
CZE  1952     2.711     2.631
CZE  1953     2.624     2.546
CZE  1954     2.593     2.522
CZE  1955     2.590     2.520
CZE  1956     2.580     2.517
CZE  1957     2.505     2.452
CZE  1958     2.314     2.277
CZE  1959     2.128     2.101
CZE  1960     2.121     2.097
CZE  1961     2.140     2.116
CZE  1962     2.152     2.131
CZE  1963     2.353     2.331
CZE  1964     2.384     2.359
CZE  1965     2.209     2.185
CZE  1966     2.040     2.021
CZE  1967     1.929     1.912
CZE  1968     1.860     1.844
CZE  1969     1.893     1.878
CZE  1970     1.920     1.905
CZE  1971     1.980     1.966
CZE  1972     2.077     2.064
CZE  1973     2.291     2.276
CZE  1974     2.440     2.426
CZE  1975     2.412     2.397
CZE  1976     2.372     2.358
CZE  1977     2.329     2.316
CZE  1978     2.335     2.322
CZE  1979     2.298     2.286
CZE  1980     2.108     2.097
CZE  1981     2.021     2.009
CZE  1982     2.014     2.003
CZE  1983     1.971     1.961
CZE  1984     1.976     1.967
CZE  1985     1.974     1.965
CZE  1986     1.948     1.940
CZE  1987     1.923     1.915
CZE  1988     1.954     1.946
CZE  1989     1.888     1.880
CZE  1990     1.908     1.899
CZE  1991     1.861     1.852
CZE  1992     1.715     1.706
CZE  1993     1.667     1.657
CZE  1994     1.440     1.431
CZE  1995     1.281     1.272
CZE  1996     1.189     1.180
CZE  1997     1.178     1.169
CZE  1998     1.163     1.153
CZE  1999     1.139     1.129
CZE  2000     1.151     1.140
CZE  2001     1.144     1.131
CZE  2002     1.165     1.151
CZE  2003     1.172     1.156
CZE  2004     1.219     1.202
CZE  2005     1.275     1.256
CZE  2006     1.323     1.302
CZE  2007     1.440     1.415
CZE  2008     1.513     1.485
CZE  2009     1.514     1.485
CZE  2010     1.516     1.485
CZE  2011     1.427     1.396
CZE  2012     1.452     1.419
CZE  2013     1.456     1.421
CZE  2014     1.528     1.492
EST  1959     1.947     1.880
EST  1960     1.975     1.907
EST  1961     1.982     1.924
EST  1962     1.965     1.905
EST  1963     1.912     1.858
EST  1964     1.970     1.919
EST  1965     1.915     1.865
EST  1966     1.898     1.849
EST  1967     1.911     1.867
EST  1968     2.025     1.985
EST  1969     2.126     2.086
EST  1970     2.188     2.150
EST  1971     2.234     2.197
EST  1972     2.177     2.141
EST  1973     2.098     2.062
EST  1974     2.089     2.053
EST  1975     2.048     2.015
EST  1976     2.058     2.026
EST  1977     2.053     2.023
EST  1978     2.016     1.987
EST  1979     2.012     1.986
EST  1980     2.030     2.003
EST  1981     2.087     2.062
EST  1982     2.096     2.069
EST  1983     2.177     2.149
EST  1984     2.182     2.158
EST  1985     2.130     2.105
EST  1986     2.178     2.150
EST  1987     2.271     2.245
EST  1988     2.275     2.245
EST  1989     2.218     2.195
EST  1990     2.049     2.025
EST  1991     1.802     1.781
EST  1992     1.707     1.686
EST  1993     1.485     1.469
EST  1994     1.413     1.398
EST  1995     1.372     1.357
EST  1996     1.363     1.346
EST  1997     1.306     1.286
EST  1998     1.272     1.254
EST  1999     1.295     1.275
EST  2000     1.356     1.332
EST  2001     1.316     1.295
EST  2002     1.359     1.334
EST  2003     1.367     1.343
EST  2004     1.473     1.446
EST  2005     1.519     1.488
EST  2006     1.585     1.549
EST  2007     1.687     1.646
EST  2008     1.721     1.675
EST  2009     1.701     1.651
EST  2010     1.721     1.667
EST  2011     1.613     1.561
EST  2012     1.559     1.501
EST  2013     1.521     1.469
EST  2014     1.538     1.478
FIN  1939     2.550     2.322
FIN  1940     2.147     1.938
FIN  1941     2.904     2.655
FIN  1942     2.003     1.801
FIN  1943     2.467     2.228
FIN  1944     2.565     2.333
FIN  1945     3.080     2.840
FIN  1946     3.401     3.149
FIN  1947     3.463     3.223
FIN  1948     3.452     3.211
FIN  1949     3.319     3.087
FIN  1950     3.152     2.931
FIN  1951     3.007     2.800
FIN  1952     3.059     2.856
FIN  1953     2.953     2.762
FIN  1954     2.931     2.751
FIN  1955     2.938     2.756
FIN  1956     2.920     2.752
FIN  1957     2.865     2.702
FIN  1958     2.681     2.531
FIN  1959     2.756     2.609
FIN  1960     2.721     2.584
FIN  1961     2.716     2.579
FIN  1962     2.684     2.559
FIN  1963     2.686     2.564
FIN  1964     2.597     2.477
FIN  1965     2.479     2.371
FIN  1966     2.409     2.315
FIN  1967     2.323     2.233
FIN  1968     2.140     2.062
FIN  1969     1.930     1.866
FIN  1970     1.826     1.776
FIN  1971     1.685     1.646
FIN  1972     1.576     1.543
FIN  1973     1.492     1.460
FIN  1974     1.613     1.581
FIN  1975     1.681     1.649
FIN  1976     1.704     1.673
FIN  1977     1.679     1.648
FIN  1978     1.643     1.614
FIN  1979     1.636     1.603
FIN  1980     1.632     1.599
FIN  1981     1.645     1.613
FIN  1982     1.715     1.679
FIN  1983     1.736     1.701
FIN  1984     1.694     1.658
FIN  1985     1.643     1.607
FIN  1986     1.597     1.563
FIN  1987     1.586     1.550
FIN  1988     1.693     1.655
FIN  1989     1.708     1.671
FIN  1990     1.782     1.741
FIN  1991     1.794     1.756
FIN  1992     1.848     1.806
FIN  1993     1.814     1.774
FIN  1994     1.846     1.805
FIN  1995     1.807     1.763
FIN  1996     1.764     1.721
FIN  1997     1.746     1.701
FIN  1998     1.700     1.653
FIN  1999     1.735     1.686
FIN  2000     1.729     1.680
FIN  2001     1.726     1.675
FIN  2002     1.718     1.666
FIN  2003     1.759     1.703
FIN  2004     1.800     1.742
FIN  2005     1.803     1.746
FIN  2006     1.837     1.779
FIN  2007     1.829     1.769
FIN  2008     1.847     1.786
FIN  2009     1.865     1.802
FIN  2010     1.870     1.807
FIN  2011     1.827     1.761
FIN  2012     1.800     1.732
FIN  2013     1.747     1.680
FIN  2014     1.710     1.644
FIN  2015     1.649     1.585
FRATNP  1946     2.997     2.879
FRATNP  1947     3.038     2.917
FRATNP  1948     3.020     2.901
FRATNP  1949     3.004     2.890
FRATNP  1950     2.947     2.837
FRATNP  1951     2.806     2.702
FRATNP  1952     2.777     2.675
FRATNP  1953     2.704     2.609
FRATNP  1954     2.715     2.619
FRATNP  1955     2.684     2.592
FRATNP  1956     2.674     2.585
FRATNP  1957     2.695     2.607
FRATNP  1958     2.684     2.596
FRATNP  1959     2.753     2.664
FRATNP  1960     2.741     2.657
FRATNP  1961     2.826     2.742
FRATNP  1962     2.796     2.716
FRATNP  1963     2.897     2.818
FRATNP  1964     2.915     2.836
FRATNP  1965     2.848     2.773
FRATNP  1966     2.799     2.725
FRATNP  1967     2.670     2.601
FRATNP  1968     2.587     2.520
FRATNP  1969     2.534     2.468
FRATNP  1970     2.480     2.419
FRATNP  1971     2.496     2.435
FRATNP  1972     2.418     2.361
FRATNP  1973     2.308     2.256
FRATNP  1974     2.112     2.066
FRATNP  1975     1.927     1.890
FRATNP  1976     1.830     1.800
FRATNP  1977     1.863     1.835
FRATNP  1978     1.823     1.798
FRATNP  1979     1.856     1.832
FRATNP  1980     1.946     1.922
FRATNP  1981     1.946     1.921
FRATNP  1982     1.913     1.888
FRATNP  1983     1.785     1.761
FRATNP  1984     1.802     1.778
FRATNP  1985     1.815     1.789
FRATNP  1986     1.832     1.806
FRATNP  1987     1.802     1.775
FRATNP  1988     1.806     1.778
FRATNP  1989     1.788     1.759
FRATNP  1990     1.779     1.748
FRATNP  1991     1.770     1.739
FRATNP  1992     1.734     1.702
FRATNP  1993     1.661     1.628
FRATNP  1994     1.663     1.630
FRATNP  1995     1.714     1.679
FRATNP  1996     1.734     1.698
FRATNP  1997     1.726     1.689
FRATNP  1998     1.764     1.725
FRATNP  1999     1.792     1.750
FRATNP  2000     1.875     1.830
FRATNP  2001     1.877     1.830
FRATNP  2002     1.865     1.817
FRATNP  2003     1.874     1.825
FRATNP  2004     1.898     1.847
FRATNP  2005     1.920     1.866
FRATNP  2006     1.981     1.925
FRATNP  2007     1.960     1.901
FRATNP  2008     1.991     1.930
FRATNP  2009     1.990     1.928
FRATNP  2010     2.017     1.953
FRATNP  2011     1.997     1.930
FRATNP  2012     1.993     1.926
FRATNP  2013     1.974     1.904
FRATNP  2014     1.975     1.901
FRATNP  2015     1.925     1.852
DEUTNP  1956     2.220     2.153
DEUTNP  1957     2.274     2.208
DEUTNP  1958     2.276     2.213
DEUTNP  1959     2.368     2.303
DEUTNP  1960     2.368     2.305
DEUTNP  1961     2.444     2.382
DEUTNP  1962     2.440     2.379
DEUTNP  1963     2.512     2.450
DEUTNP  1964     2.535     2.473
DEUTNP  1965     2.501     2.441
DEUTNP  1966     2.507     2.451
DEUTNP  1967     2.450     2.398
DEUTNP  1968     2.360     2.310
DEUTNP  1969     2.211     2.164
DEUTNP  1970     2.029     1.986
DEUTNP  1971     1.965     1.923
DEUTNP  1972     1.734     1.697
DEUTNP  1973     1.556     1.524
DEUTNP  1974     1.526     1.496
DEUTNP  1975     1.480     1.454
DEUTNP  1976     1.507     1.484
DEUTNP  1977     1.510     1.490
DEUTNP  1978     1.501     1.484
DEUTNP  1979     1.498     1.482
DEUTNP  1980     1.561     1.545
DEUTNP  1981     1.529     1.514
DEUTNP  1982     1.506     1.491
DEUTNP  1983     1.429     1.415
DEUTNP  1984     1.387     1.373
DEUTNP  1985     1.374     1.360
DEUTNP  1986     1.414     1.400
DEUTNP  1987     1.434     1.418
DEUTNP  1988     1.462     1.445
DEUTNP  1989     1.423     1.406
DEUTNP  1990     1.455     1.437
DEUTNP  1991     1.334     1.316
DEUTNP  1992     1.300     1.282
DEUTNP  1993     1.284     1.266
DEUTNP  1994     1.249     1.231
DEUTNP  1995     1.257     1.238
DEUTNP  1996     1.329     1.309
DEUTNP  1997     1.381     1.359
DEUTNP  1998     1.368     1.346
DEUTNP  1999     1.376     1.352
DEUTNP  2000     1.400     1.375
DEUTNP  2001     1.367     1.342
DEUTNP  2002     1.362     1.335
DEUTNP  2003     1.362     1.334
DEUTNP  2004     1.382     1.352
DEUTNP  2005     1.364     1.332
DEUTNP  2006     1.357     1.323
DEUTNP  2007     1.399     1.361
DEUTNP  2008     1.409     1.368
DEUTNP  2009     1.385     1.342
DEUTNP  2010     1.420     1.375
DEUTNP  2011     1.391     1.344
DEUTNP  2012     1.410     1.361
DEUTNP  2013     1.420     1.367
DEUTW  1956     2.192     2.120
DEUTW  1957     2.280     2.209
DEUTW  1958     2.289     2.222
DEUTW  1959     2.368     2.299
DEUTW  1960     2.372     2.305
DEUTW  1961     2.448     2.381
DEUTW  1962     2.443     2.378
DEUTW  1963     2.520     2.454
DEUTW  1964     2.551     2.485
DEUTW  1965     2.509     2.445
DEUTW  1966     2.535     2.474
DEUTW  1967     2.488     2.430
DEUTW  1968     2.386     2.330
DEUTW  1969     2.213     2.159
DEUTW  1970     1.991     1.941
DEUTW  1971     1.919     1.872
DEUTW  1972     1.716     1.674
DEUTW  1973     1.542     1.505
DEUTW  1974     1.511     1.477
DEUTW  1975     1.450     1.421
DEUTW  1976     1.457     1.432
DEUTW  1977     1.403     1.381
DEUTW  1978     1.379     1.360
DEUTW  1979     1.378     1.360
DEUTW  1980     1.448     1.430
DEUTW  1981     1.434     1.417
DEUTW  1982     1.407     1.390
DEUTW  1983     1.330     1.315
DEUTW  1984     1.294     1.278
DEUTW  1985     1.281     1.265
DEUTW  1986     1.345     1.329
DEUTW  1987     1.362     1.344
DEUTW  1988     1.416     1.398
DEUTW  1989     1.394     1.375
DEUTW  1990     1.459     1.439
DEUTW  1991     1.429     1.409
DEUTW  1992     1.415     1.394
DEUTW  1993     1.404     1.384
DEUTW  1994     1.358     1.337
DEUTW  1995     1.351     1.330
DEUTW  1996     1.413     1.390
DEUTW  1997     1.457     1.432
DEUTW  1998     1.429     1.405
DEUTW  1999     1.423     1.397
DEUTW  2000     1.437     1.409
DEUTW  2001     1.400     1.372
DEUTW  2002     1.390     1.360
DEUTW  2003     1.383     1.353
DEUTW  2004     1.396     1.364
DEUTW  2005     1.377     1.343
DEUTW  2006     1.364     1.328
DEUTW  2007     1.400     1.360
DEUTW  2008     1.404     1.361
DEUTW  2009     1.376     1.332
DEUTW  2010     1.409     1.362
DEUTW  2011     1.381     1.333
DEUTW  2012     1.400     1.349
DEUTW  2013     1.413     1.359
DEUTE  1956     2.293     2.240
DEUTE  1957     2.242     2.191
DEUTE  1958     2.221     2.173
DEUTE  1959     2.358     2.309
DEUTE  1960     2.349     2.300
DEUTE  1961     2.424     2.376
DEUTE  1962     2.422     2.376
DEUTE  1963     2.477     2.430
DEUTE  1964     2.482     2.435
DEUTE  1965     2.485     2.440
DEUTE  1966     2.423     2.389
DEUTE  1967     2.334     2.305
DEUTE  1968     2.292     2.267
DEUTE  1969     2.232     2.210
DEUTE  1970     2.188     2.167
DEUTE  1971     2.129     2.108
DEUTE  1972     1.784     1.765
DEUTE  1973     1.573     1.559
DEUTE  1974     1.537     1.524
DEUTE  1975     1.540     1.528
DEUTE  1976     1.636     1.624
DEUTE  1977     1.850     1.838
DEUTE  1978     1.898     1.888
DEUTE  1979     1.895     1.885
DEUTE  1980     1.942     1.932
DEUTE  1981     1.858     1.850
DEUTE  1982     1.859     1.852
DEUTE  1983     1.791     1.783
DEUTE  1984     1.738     1.731
DEUTE  1985     1.736     1.729
DEUTE  1986     1.700     1.694
DEUTE  1987     1.737     1.729
DEUTE  1988     1.670     1.662
DEUTE  1989     1.580     1.573
DEUTE  1990     1.512     1.505
DEUTE  1991     0.996     0.989
DEUTE  1992     0.845     0.839
DEUTE  1993     0.784     0.778
DEUTE  1994     0.781     0.773
DEUTE  1995     0.849     0.841
DEUTE  1996     0.967     0.959
DEUTE  1997     1.061     1.052
DEUTE  1998     1.115     1.105
DEUTE  1999     1.178     1.166
DEUTE  2000     1.255     1.241
DEUTE  2001     1.245     1.231
DEUTE  2002     1.253     1.239
DEUTE  2003     1.281     1.265
DEUTE  2004     1.329     1.312
DEUTE  2005     1.314     1.297
DEUTE  2006     1.324     1.304
DEUTE  2007     1.392     1.369
DEUTE  2008     1.435     1.410
DEUTE  2009     1.430     1.401
DEUTE  2010     1.487     1.455
DEUTE  2011     1.462     1.429
DEUTE  2012     1.488     1.452
DEUTE  2013     1.494     1.455
HUN  1950     2.600     2.500
HUN  1951     2.529     2.435
HUN  1952     2.469     2.382
HUN  1953     2.753     2.656
HUN  1954     2.975     2.878
HUN  1955     2.808     2.717
HUN  1956     2.603     2.532
HUN  1957     2.295     2.238
HUN  1958     2.186     2.138
HUN  1959     2.089     2.047
HUN  1960     2.024     1.986
HUN  1961     1.939     1.904
HUN  1962     1.795     1.763
HUN  1963     1.825     1.795
HUN  1964     1.822     1.794
HUN  1965     1.831     1.805
HUN  1966     1.899     1.874
HUN  1967     2.027     2.002
HUN  1968     2.081     2.057
HUN  1969     2.052     2.027
HUN  1970     1.989     1.966
HUN  1971     1.941     1.919
HUN  1972     1.940     1.918
HUN  1973     1.942     1.921
HUN  1974     2.288     2.265
HUN  1975     2.366     2.343
HUN  1976     2.250     2.229
HUN  1977     2.168     2.147
HUN  1978     2.078     2.061
HUN  1979     2.018     2.001
HUN  1980     1.915     1.899
HUN  1981     1.882     1.867
HUN  1982     1.806     1.792
HUN  1983     1.761     1.748
HUN  1984     1.774     1.762
HUN  1985     1.874     1.861
HUN  1986     1.869     1.855
HUN  1987     1.854     1.839
HUN  1988     1.846     1.831
HUN  1989     1.838     1.823
HUN  1990     1.868     1.853
HUN  1991     1.875     1.859
HUN  1992     1.776     1.759
HUN  1993     1.687     1.669
HUN  1994     1.642     1.624
HUN  1995     1.571     1.554
HUN  1996     1.458     1.441
HUN  1997     1.377     1.360
HUN  1998     1.327     1.310
HUN  1999     1.284     1.267
HUN  2000     1.321     1.303
HUN  2001     1.310     1.290
HUN  2002     1.303     1.282
HUN  2003     1.272     1.251
HUN  2004     1.276     1.253
HUN  2005     1.307     1.282
HUN  2006     1.340     1.315
HUN  2007     1.316     1.288
HUN  2008     1.348     1.318
HUN  2009     1.322     1.290
HUN  2010     1.250     1.217
HUN  2011     1.258     1.221
HUN  2012     1.338     1.299
HUN  2013     1.341     1.299
HUN  2014     1.412     1.367
ISL  1960     4.303     4.082
ISL  1961     3.927     3.737
ISL  1962     3.993     3.785
ISL  1963     3.993     3.808
ISL  1964     3.881     3.692
ISL  1965     3.728     3.540
ISL  1966     3.587     3.417
ISL  1967     3.285     3.142
ISL  1968     3.065     2.924
ISL  1969     2.990     2.876
ISL  1970     2.814     2.700
ISL  1971     2.920     2.826
ISL  1972     3.092     3.004
ISL  1973     2.942     2.842
ISL  1974     2.657     2.588
ISL  1975     2.648     2.576
ISL  1976     2.523     2.452
ISL  1977     2.312     2.247
ISL  1978     2.349     2.295
ISL  1979     2.488     2.444
ISL  1980     2.477     2.433
ISL  1981     2.332     2.291
ISL  1982     2.264     2.211
ISL  1983     2.244     2.194
ISL  1984     2.080     2.046
ISL  1985     1.933     1.902
ISL  1986     1.933     1.900
ISL  1987     2.072     2.030
ISL  1988     2.271     2.232
ISL  1989     2.201     2.155
ISL  1990     2.309     2.274
ISL  1991     2.187     2.137
ISL  1992     2.211     2.161
ISL  1993     2.222     2.163
ISL  1994     2.142     2.092
ISL  1995     2.078     2.034
ISL  1996     2.119     2.075
ISL  1997     2.036     1.988
ISL  1998     2.046     1.992
ISL  1999     1.993     1.952
ISL  2000     2.078     2.025
ISL  2001     1.952     1.901
ISL  2002     1.934     1.881
ISL  2003     1.990     1.930
ISL  2004     2.039     1.981
ISL  2005     2.048     1.991
ISL  2006     2.079     2.022
ISL  2007     2.088     2.032
ISL  2008     2.154     2.080
ISL  2009     2.228     2.148
ISL  2010     2.198     2.124
ISL  2011     2.018     1.938
ISL  2012     2.037     1.959
ITA  1954     2.368     2.227
ITA  1955     2.349     2.215
ITA  1956     2.352     2.222
ITA  1957     2.350     2.225
ITA  1958     2.330     2.211
ITA  1959     2.407     2.288
ITA  1960     2.440     2.321
ITA  1961     2.445     2.333
ITA  1962     2.502     2.391
ITA  1963     2.587     2.480
ITA  1964     2.742     2.631
ITA  1965     2.703     2.595
ITA  1966     2.659     2.555
ITA  1967     2.565     2.468
ITA  1968     2.521     2.429
ITA  1969     2.535     2.441
ITA  1970     2.452     2.364
ITA  1971     2.436     2.351
ITA  1972     2.386     2.306
ITA  1973     2.365     2.288
ITA  1974     2.355     2.279
ITA  1975     2.229     2.161
ITA  1976     2.128     2.066
ITA  1977     1.991     1.938
ITA  1978     1.886     1.838
ITA  1979     1.775     1.736
ITA  1980     1.696     1.661
ITA  1981     1.598     1.566
ITA  1982     1.602     1.571
ITA  1983     1.537     1.508
ITA  1984     1.484     1.456
ITA  1985     1.449     1.422
ITA  1986     1.372     1.346
ITA  1987     1.351     1.325
ITA  1988     1.384     1.356
ITA  1989     1.347     1.320
ITA  1990     1.359     1.330
ITA  1991     1.323     1.294
ITA  1992     1.318     1.286
ITA  1993     1.260     1.230
ITA  1994     1.219     1.189
ITA  1995     1.193     1.161
ITA  1996     1.217     1.183
ITA  1997     1.227     1.190
ITA  1998     1.214     1.178
ITA  1999     1.233     1.194
ITA  2000     1.256     1.216
ITA  2001     1.251     1.208
ITA  2002     1.269     1.224
ITA  2003     1.287     1.238
ITA  2004     1.338     1.286
ITA  2005     1.331     1.277
ITA  2006     1.365     1.306
ITA  2007     1.390     1.327
ITA  2008     1.435     1.368
ITA  2009     1.435     1.364
ITA  2010     1.440     1.365
ITA  2011     1.423     1.345
ITA  2012     1.414     1.334
ITA  2013     1.379     1.297
ITA  2014     1.370     1.288
JPN  1947     4.566     4.252
JPN  1948     4.444     4.132
JPN  1949     4.356     4.101
JPN  1950     3.672     3.486
JPN  1951     3.281     3.130
JPN  1952     2.995     2.874
JPN  1953     2.713     2.617
JPN  1954     2.502     2.423
JPN  1955     2.383     2.316
JPN  1956     2.236     2.180
JPN  1957     2.058     2.013
JPN  1958     2.129     2.089
JPN  1959     2.061     2.027
JPN  1960     2.008     1.980
JPN  1961     1.963     1.940
JPN  1962     1.974     1.954
JPN  1963     2.001     1.983
JPN  1964     2.045     2.028
JPN  1965     2.145     2.129
JPN  1966     1.579     1.565
JPN  1967     2.224     2.210
JPN  1968     2.127     2.112
JPN  1969     2.119     2.105
JPN  1970     2.129     2.115
JPN  1971     2.153     2.139
JPN  1972     2.138     2.125
JPN  1973     2.135     2.121
JPN  1974     2.040     2.028
JPN  1975     1.900     1.889
JPN  1976     1.840     1.830
JPN  1977     1.786     1.776
JPN  1978     1.774     1.765
JPN  1979     1.751     1.742
JPN  1980     1.731     1.722
JPN  1981     1.726     1.718
JPN  1982     1.755     1.746
JPN  1983     1.788     1.779
JPN  1984     1.800     1.790
JPN  1985     1.757     1.747
JPN  1986     1.719     1.709
JPN  1987     1.689     1.680
JPN  1988     1.657     1.647
JPN  1989     1.576     1.565
JPN  1990     1.543     1.531
JPN  1991     1.537     1.525
JPN  1992     1.506     1.493
JPN  1993     1.464     1.451
JPN  1994     1.507     1.493
JPN  1995     1.426     1.411
JPN  1996     1.430     1.414
JPN  1997     1.392     1.376
JPN  1998     1.388     1.371
JPN  1999     1.347     1.328
JPN  2000     1.358     1.338
JPN  2001     1.336     1.315
JPN  2002     1.318     1.296
JPN  2003     1.290     1.266
JPN  2004     1.287     1.262
JPN  2005     1.247     1.222
JPN  2006     1.301     1.273
JPN  2007     1.319     1.288
JPN  2008     1.347     1.313
JPN  2009     1.348     1.312
JPN  2010     1.379     1.339
JPN  2011     1.384     1.342
JPN  2012     1.396     1.350
JPN  2013     1.417     1.367
JPN  2014     1.413     1.360
LTU  1959     2.623     2.471
LTU  1960     2.611     2.459
LTU  1961     2.601     2.451
LTU  1962     2.465     2.321
LTU  1963     2.347     2.218
LTU  1964     2.302     2.185
LTU  1965     2.231     2.121
LTU  1966     2.266     2.161
LTU  1967     2.273     2.176
LTU  1968     2.315     2.227
LTU  1969     2.341     2.260
LTU  1970     2.407     2.327
LTU  1971     2.426     2.344
LTU  1972     2.355     2.276
LTU  1973     2.228     2.158
LTU  1974     2.212     2.148
LTU  1975     2.181     2.120
LTU  1976     2.174     2.112
LTU  1977     2.133     2.077
LTU  1978     2.081     2.026
LTU  1979     2.046     1.992
LTU  1980     1.993     1.948
LTU  1981     1.985     1.935
LTU  1982     1.979     1.928
LTU  1983     2.111     2.063
LTU  1984     2.079     2.034
LTU  1985     2.084     2.041
LTU  1986     2.121     2.078
LTU  1987     2.105     2.062
LTU  1988     2.013     1.982
LTU  1989     1.983     1.956
LTU  1990     2.026     1.999
LTU  1991     2.007     1.983
LTU  1992     1.969     1.945
LTU  1993     1.740     1.715
LTU  1994     1.575     1.558
LTU  1995     1.552     1.534
LTU  1996     1.495     1.475
LTU  1997     1.469     1.451
LTU  1998     1.460     1.440
LTU  1999     1.462     1.440
LTU  2000     1.391     1.369
LTU  2001     1.288     1.266
LTU  2002     1.234     1.213
LTU  2003     1.264     1.243
LTU  2004     1.275     1.253
LTU  2005     1.294     1.271
LTU  2006     1.326     1.301
LTU  2007     1.361     1.338
LTU  2008     1.448     1.421
LTU  2009     1.503     1.475
LTU  2010     1.501     1.471
LTU  2011     1.551     1.520
LTU  2012     1.595     1.561
LTU  2013     1.585     1.547
LTU  2014     1.626     1.586
NLD  1950     3.097     2.846
NLD  1951     3.050     2.811
NLD  1952     3.087     2.849
NLD  1953     3.032     2.803
NLD  1954     3.029     2.809
NLD  1955     3.033     2.821
NLD  1956     3.053     2.847
NLD  1957     3.080     2.880
NLD  1958     3.107     2.918
NLD  1959     3.171     2.983
NLD  1960     3.122     2.945
NLD  1961     3.217     3.046
NLD  1962     3.175     3.015
NLD  1963     3.192     3.038
NLD  1964     3.165     3.021
NLD  1965     3.038     2.908
NLD  1966     2.901     2.785
NLD  1967     2.812     2.707
NLD  1968     2.713     2.623
NLD  1969     2.746     2.660
NLD  1970     2.570     2.494
NLD  1971     2.360     2.296
NLD  1972     2.149     2.101
NLD  1973     1.903     1.865
NLD  1974     1.773     1.742
NLD  1975     1.664     1.639
NLD  1976     1.632     1.609
NLD  1977     1.580     1.558
NLD  1978     1.584     1.565
NLD  1979     1.563     1.546
NLD  1980     1.603     1.584
NLD  1981     1.564     1.545
NLD  1982     1.496     1.477
NLD  1983     1.468     1.450
NLD  1984     1.492     1.474
NLD  1985     1.512     1.494
NLD  1986     1.553     1.535
NLD  1987     1.558     1.540
NLD  1988     1.545     1.527
NLD  1989     1.554     1.534
NLD  1990     1.617     1.596
NLD  1991     1.612     1.589
NLD  1992     1.587     1.563
NLD  1993     1.572     1.547
NLD  1994     1.569     1.543
NLD  1995     1.531     1.506
NLD  1996     1.529     1.502
NLD  1997     1.562     1.534
NLD  1998     1.628     1.598
NLD  1999     1.652     1.620
NLD  2000     1.722     1.689
NLD  2001     1.710     1.675
NLD  2002     1.731     1.696
NLD  2003     1.747     1.711
NLD  2004     1.726     1.688
NLD  2005     1.709     1.670
NLD  2006     1.721     1.682
NLD  2007     1.718     1.678
NLD  2008     1.774     1.731
NLD  2009     1.791     1.746
NLD  2010     1.796     1.749
NLD  2011     1.760     1.712
NLD  2012     1.723     1.676
NLD  2013     1.679     1.633
NLD  2014     1.713     1.661
NOR  1967     2.785     2.700
NOR  1968     2.753     2.675
NOR  1969     2.697     2.623
NOR  1970     2.506     2.449
NOR  1971     2.489     2.436
NOR  1972     2.384     2.337
NOR  1973     2.230     2.191
NOR  1974     2.131     2.095
NOR  1975     1.983     1.954
NOR  1976     1.863     1.837
NOR  1977     1.754     1.731
NOR  1978     1.769     1.746
NOR  1979     1.751     1.730
NOR  1980     1.723     1.702
NOR  1981     1.701     1.681
NOR  1982     1.709     1.689
NOR  1983     1.656     1.637
NOR  1984     1.659     1.638
NOR  1985     1.677     1.657
NOR  1986     1.711     1.691
NOR  1987     1.745     1.725
NOR  1988     1.841     1.818
NOR  1989     1.887     1.865
NOR  1990     1.932     1.907
NOR  1991     1.918     1.891
NOR  1992     1.885     1.857
NOR  1993     1.860     1.831
NOR  1994     1.865     1.836
NOR  1995     1.868     1.837
NOR  1996     1.889     1.855
NOR  1997     1.856     1.821
NOR  1998     1.813     1.778
NOR  1999     1.844     1.808
NOR  2000     1.851     1.813
NOR  2001     1.784     1.747
NOR  2002     1.754     1.714
NOR  2003     1.796     1.757
NOR  2004     1.828     1.787
NOR  2005     1.836     1.792
NOR  2006     1.904     1.858
NOR  2007     1.901     1.851
NOR  2008     1.957     1.906
NOR  2009     1.980     1.927
NOR  2010     1.946     1.890
NOR  2011     1.881     1.824
NOR  2012     1.852     1.796
NOR  2013     1.782     1.726
NOR  2014     1.756     1.697
POL  1971     2.248     2.188
POL  1972     2.227     2.168
POL  1973     2.239     2.181
POL  1974     2.248     2.191
POL  1975     2.264     2.210
POL  1976     2.296     2.245
POL  1977     2.222     2.174
POL  1978     2.199     2.157
POL  1979     2.251     2.209
POL  1980     2.256     2.215
POL  1981     2.216     2.175
POL  1982     2.315     2.272
POL  1983     2.396     2.356
POL  1984     2.359     2.320
POL  1985     2.319     2.282
POL  1986     2.215     2.179
POL  1987     2.157     2.123
POL  1988     2.152     2.118
POL  1989     2.108     2.077
POL  1990     2.071     2.040
POL  1991     2.071     2.040
POL  1992     1.953     1.922
POL  1993     1.869     1.836
POL  1994     1.786     1.752
POL  1995     1.666     1.636
POL  1996     1.606     1.577
POL  1997     1.527     1.500
POL  1998     1.451     1.425
POL  1999     1.392     1.366
POL  2000     1.367     1.342
POL  2001     1.297     1.272
POL  2002     1.234     1.208
POL  2003     1.203     1.178
POL  2004     1.209     1.183
POL  2005     1.232     1.206
POL  2006     1.257     1.232
POL  2007     1.300     1.273
POL  2008     1.377     1.348
POL  2009     1.389     1.359
POL  2010     1.372     1.340
POL  2011     1.295     1.264
POL  2012     1.305     1.273
POL  2013     1.252     1.221
POL  2014     1.285     1.252
PRT  1940     3.203     2.887
PRT  1941     3.112     2.821
PRT  1942     3.143     2.849
PRT  1943     3.289     2.983
PRT  1944     3.317     3.005
PRT  1945     3.407     3.096
PRT  1946     3.316     3.013
PRT  1947     3.192     2.907
PRT  1948     3.482     3.165
PRT  1949     3.306     3.001
PRT  1950     3.156     2.870
PRT  1951     3.173     2.884
PRT  1952     3.203     2.906
PRT  1953     3.043     2.773
PRT  1954     2.963     2.703
PRT  1955     3.144     2.867
PRT  1956     3.021     2.765
PRT  1957     3.138     2.882
PRT  1958     3.148     2.895
PRT  1959     3.150     2.904
PRT  1960     3.159     2.922
PRT  1961     3.224     2.990
PRT  1962     3.287     3.051
PRT  1963     3.196     2.967
PRT  1964     3.308     3.075
PRT  1965     3.245     3.023
PRT  1966     3.240     3.022
PRT  1967     3.212     2.997
PRT  1968     3.147     2.943
PRT  1969     3.111     2.911
PRT  1970     3.001     2.820
PRT  1971     3.000     2.819
PRT  1972     2.835     2.668
PRT  1973     2.747     2.579
PRT  1974     2.693     2.538
PRT  1975     2.756     2.610
PRT  1976     2.799     2.668
PRT  1977     2.677     2.558
PRT  1978     2.445     2.341
PRT  1979     2.313     2.221
PRT  1980     2.253     2.167
PRT  1981     2.137     2.061
PRT  1982     2.091     2.025
PRT  1983     1.973     1.912
PRT  1984     1.932     1.879
PRT  1985     1.755     1.706
PRT  1986     1.697     1.652
PRT  1987     1.648     1.607
PRT  1988     1.632     1.594
PRT  1989     1.584     1.551
PRT  1990     1.557     1.526
PRT  1991     1.560     1.529
PRT  1992     1.539     1.510
PRT  1993     1.518     1.489
PRT  1994     1.446     1.419
PRT  1995     1.410     1.382
PRT  1996     1.444     1.417
PRT  1997     1.473     1.444
PRT  1998     1.474     1.446
PRT  1999     1.502     1.471
PRT  2000     1.549     1.514
PRT  2001     1.450     1.415
PRT  2002     1.465     1.429
PRT  2003     1.439     1.402
PRT  2004     1.404     1.365
PRT  2005     1.414     1.375
PRT  2006     1.373     1.333
PRT  2007     1.349     1.310
PRT  2008     1.393     1.351
PRT  2009     1.344     1.301
PRT  2010     1.390     1.343
PRT  2011     1.347     1.299
PRT  2012     1.281     1.234
PRT  2013     1.210     1.162
PRT  2014     1.231     1.179
PRT  2015     1.307     1.250
RUS  1959     2.583     2.467
RUS  1960     2.556     2.447
RUS  1961     2.458     2.363
RUS  1962     2.340     2.252
RUS  1963     2.283     2.201
RUS  1964     2.160     2.084
RUS  1965     2.087     2.017
RUS  1966     2.098     2.032
RUS  1967     2.006     1.947
RUS  1968     1.970     1.913
RUS  1969     1.984     1.933
RUS  1970     1.995     1.947
RUS  1971     2.024     1.979
RUS  1972     2.027     1.982
RUS  1973     1.962     1.919
RUS  1974     1.995     1.953
RUS  1975     1.971     1.931
RUS  1976     1.953     1.915
RUS  1977     1.918     1.884
RUS  1978     1.899     1.867
RUS  1979     1.865     1.836
RUS  1980     1.863     1.837
RUS  1981     1.882     1.857
RUS  1982     1.956     1.931
RUS  1983     2.088     2.063
RUS  1984     2.051     2.027
RUS  1985     2.051     2.028
RUS  1986     2.177     2.152
RUS  1987     2.229     2.202
RUS  1988     2.142     2.116
RUS  1989     2.018     1.995
RUS  1990     1.894     1.874
RUS  1991     1.733     1.715
RUS  1992     1.549     1.532
RUS  1993     1.370     1.358
RUS  1994     1.395     1.383
RUS  1995     1.338     1.327
RUS  1996     1.271     1.259
RUS  1997     1.219     1.208
RUS  1998     1.233     1.221
RUS  1999     1.158     1.146
RUS  2000     1.196     1.183
RUS  2001     1.224     1.211
RUS  2002     1.287     1.274
RUS  2003     1.334     1.319
RUS  2004     1.345     1.328
RUS  2005     1.294     1.278
RUS  2006     1.305     1.287
RUS  2007     1.416     1.394
RUS  2008     1.502     1.477
RUS  2009     1.541     1.513
RUS  2010     1.567     1.536
RUS  2011     1.583     1.551
RUS  2012     1.692     1.657
RUS  2013     1.709     1.671
RUS  2014     1.752     1.710
SVK  1950     3.578     3.389
SVK  1951     3.569     3.389
SVK  1952     3.549     3.378
SVK  1953     3.464     3.294
SVK  1954     3.410     3.252
SVK  1955     3.434     3.273
SVK  1956     3.426     3.290
SVK  1957     3.349     3.220
SVK  1958     3.203     3.095
SVK  1959     3.014     2.925
SVK  1960     3.019     2.930
SVK  1961     2.967     2.892
SVK  1962     2.837     2.765
SVK  1963     2.936     2.864
SVK  1964     2.911     2.840
SVK  1965     2.806     2.738
SVK  1966     2.684     2.623
SVK  1967     2.511     2.457
SVK  1968     2.421     2.371
SVK  1969     2.466     2.419
SVK  1970     2.428     2.383
SVK  1971     2.427     2.385
SVK  1972     2.482     2.442
SVK  1973     2.549     2.508
SVK  1974     2.592     2.554
SVK  1975     2.522     2.488
SVK  1976     2.522     2.490
SVK  1977     2.470     2.440
SVK  1978     2.459     2.431
SVK  1979     2.444     2.422
SVK  1980     2.316     2.294
SVK  1981     2.279     2.259
SVK  1982     2.270     2.251
SVK  1983     2.268     2.251
SVK  1984     2.253     2.236
SVK  1985     2.256     2.241
SVK  1986     2.203     2.189
SVK  1987     2.151     2.137
SVK  1988     2.153     2.140
SVK  1989     2.090     2.077
SVK  1990     2.096     2.081
SVK  1991     2.051     2.036
SVK  1992     1.931     1.915
SVK  1993     1.872     1.857
SVK  1994     1.673     1.658
SVK  1995     1.529     1.514
SVK  1996     1.478     1.465
SVK  1997     1.437     1.422
SVK  1998     1.384     1.369
SVK  1999     1.339     1.324
SVK  2000     1.302     1.286
SVK  2001     1.199     1.183
SVK  2002     1.185     1.170
SVK  2003     1.200     1.183
SVK  2004     1.241     1.222
SVK  2005     1.253     1.234
SVK  2006     1.240     1.221
SVK  2007     1.252     1.230
SVK  2008     1.320     1.296
SVK  2009     1.411     1.382
SVN  1983     1.809     1.787
SVN  1984     1.742     1.721
SVN  1985     1.714     1.695
SVN  1986     1.666     1.649
SVN  1987     1.649     1.634
SVN  1988     1.630     1.615
SVN  1989     1.524     1.509
SVN  1990     1.462     1.448
SVN  1991     1.422     1.406
SVN  1992     1.332     1.318
SVN  1993     1.332     1.319
SVN  1994     1.320     1.308
SVN  1995     1.291     1.278
SVN  1996     1.283     1.269
SVN  1997     1.248     1.236
SVN  1998     1.233     1.217
SVN  1999     1.213     1.197
SVN  2000     1.258     1.242
SVN  2001     1.210     1.195
SVN  2002     1.211     1.194
SVN  2003     1.201     1.183
SVN  2004     1.246     1.224
SVN  2005     1.261     1.239
SVN  2006     1.315     1.291
SVN  2007     1.380     1.352
SVN  2008     1.525     1.495
SVN  2009     1.533     1.503
SVN  2010     1.575     1.542
SVN  2011     1.562     1.529
SVN  2012     1.581     1.541
SVN  2013     1.547     1.509
SVN  2014     1.579     1.540
ESP  1922     4.098     3.709
ESP  1923     4.096     3.699
ESP  1924     4.005     3.600
ESP  1925     3.885     3.510
ESP  1926     3.932     3.558
ESP  1927     3.731     3.362
ESP  1928     3.842     3.465
ESP  1929     3.717     3.345
ESP  1930     3.695     3.342
ESP  1931     3.564     3.245
ESP  1932     3.626     3.311
ESP  1933     3.570     3.248
ESP  1934     3.363     3.059
ESP  1935     3.286     3.000
ESP  1936     3.142     2.861
ESP  1937     2.860     2.603
ESP  1938     2.550     2.295
ESP  1939     2.120     1.874
ESP  1940     3.070     2.800
ESP  1941     2.455     2.241
ESP  1942     2.522     2.314
ESP  1943     2.863     2.625
ESP  1944     2.822     2.583
ESP  1945     2.889     2.646
ESP  1946     2.686     2.450
ESP  1947     2.662     2.452
ESP  1948     2.875     2.642
ESP  1949     2.665     2.448
ESP  1950     2.473     2.278
ESP  1951     2.455     2.272
ESP  1952     2.545     2.356
ESP  1953     2.504     2.325
ESP  1954     2.436     2.268
ESP  1955     2.509     2.334
ESP  1956     2.531     2.372
ESP  1957     2.686     2.515
ESP  1958     2.716     2.550
ESP  1959     2.733     2.568
ESP  1960     2.793     2.628
ESP  1961     2.772     2.613
ESP  1962     2.811     2.655
ESP  1963     2.884     2.723
ESP  1964     3.020     2.848
ESP  1965     2.945     2.773
ESP  1966     2.932     2.769
ESP  1967     2.990     2.803
ESP  1968     2.933     2.776
ESP  1969     2.924     2.777
ESP  1970     2.901     2.755
ESP  1971     2.916     2.779
ESP  1972     2.888     2.752
ESP  1973     2.859     2.734
ESP  1974     2.896     2.766
ESP  1975     2.765     2.649
ESP  1976     2.770     2.655
ESP  1977     2.653     2.546
ESP  1978     2.542     2.443
ESP  1979     2.370     2.282
ESP  1980     2.216     2.134
ESP  1981     2.038     1.965
ESP  1982     1.942     1.872
ESP  1983     1.798     1.736
ESP  1984     1.726     1.668
ESP  1985     1.640     1.587
ESP  1986     1.556     1.509
ESP  1987     1.494     1.452
ESP  1988     1.448     1.410
ESP  1989     1.398     1.363
ESP  1990     1.361     1.330
ESP  1991     1.327     1.297
ESP  1992     1.311     1.282
ESP  1993     1.257     1.229
ESP  1994     1.188     1.162
ESP  1995     1.154     1.128
ESP  1996     1.137     1.110
ESP  1997     1.146     1.118
ESP  1998     1.124     1.095
ESP  1999     1.161     1.129
ESP  2000     1.207     1.173
ESP  2001     1.230     1.193
ESP  2002     1.252     1.212
ESP  2003     1.296     1.253
ESP  2004     1.313     1.268
ESP  2005     1.329     1.281
ESP  2006     1.362     1.310
ESP  2007     1.377     1.322
ESP  2008     1.446     1.386
ESP  2009     1.379     1.317
ESP  2010     1.369     1.303
ESP  2011     1.342     1.273
ESP  2012     1.321     1.247
ESP  2013     1.274     1.198
ESP  2014     1.320     1.239
SWE  1891     4.143     3.546
SWE  1892     3.967     3.404
SWE  1893     4.039     3.470
SWE  1894     4.020     3.442
SWE  1895     4.084     3.518
SWE  1896     4.048     3.491
SWE  1897     3.978     3.435
SWE  1898     4.043     3.509
SWE  1899     3.929     3.413
SWE  1900     4.014     3.492
SWE  1901     4.009     3.498
SWE  1902     3.927     3.429
SWE  1903     3.811     3.334
SWE  1904     3.815     3.340
SWE  1905     3.796     3.321
SWE  1906     3.789     3.321
SWE  1907     3.751     3.299
SWE  1908     3.754     3.313
SWE  1909     3.725     3.294
SWE  1910     3.570     3.156
SWE  1911     3.450     3.051
SWE  1912     3.400     3.007
SWE  1913     3.290     2.912
SWE  1914     3.228     2.855
SWE  1915     3.032     2.678
SWE  1916     2.959     2.618
SWE  1917     2.898     2.564
SWE  1918     2.801     2.480
SWE  1919     2.704     2.418
SWE  1920     3.197     2.866
SWE  1921     2.901     2.600
SWE  1922     2.630     2.350
SWE  1923     2.524     2.258
SWE  1924     2.400     2.148
SWE  1925     2.308     2.077
SWE  1926     2.192     1.973
SWE  1927     2.080     1.881
SWE  1928     2.054     1.858
SWE  1929     1.925     1.748
SWE  1930     1.931     1.761
SWE  1931     1.847     1.690
SWE  1932     1.799     1.651
SWE  1933     1.688     1.549
SWE  1934     1.676     1.542
SWE  1935     1.676     1.554
SWE  1936     1.726     1.602
SWE  1937     1.745     1.626
SWE  1938     1.805     1.688
SWE  1939     1.862     1.744
SWE  1940     1.824     1.714
SWE  1941     1.894     1.786
SWE  1942     2.163     2.042
SWE  1943     2.382     2.253
SWE  1944     2.570     2.437
SWE  1945     2.588     2.454
SWE  1946     2.543     2.413
SWE  1947     2.481     2.357
SWE  1948     2.454     2.332
SWE  1949     2.369     2.258
SWE  1950     2.280     2.183
SWE  1951     2.199     2.107
SWE  1952     2.225     2.135
SWE  1953     2.255     2.168
SWE  1954     2.181     2.101
SWE  1955     2.253     2.176
SWE  1956     2.286     2.211
SWE  1957     2.284     2.210
SWE  1958     2.261     2.191
SWE  1959     2.254     2.187
SWE  1960     2.197     2.133
SWE  1961     2.229     2.169
SWE  1962     2.256     2.199
SWE  1963     2.336     2.278
SWE  1964     2.482     2.425
SWE  1965     2.416     2.361
SWE  1966     2.361     2.311
SWE  1967     2.267     2.220
SWE  1968     2.072     2.034
SWE  1969     1.927     1.890
SWE  1970     1.920     1.887
SWE  1971     1.961     1.931
SWE  1972     1.913     1.886
SWE  1973     1.867     1.844
SWE  1974     1.876     1.853
SWE  1975     1.769     1.750
SWE  1976     1.682     1.663
SWE  1977     1.645     1.627
SWE  1978     1.600     1.581
SWE  1979     1.658     1.636
SWE  1980     1.680     1.659
SWE  1981     1.636     1.613
SWE  1982     1.627     1.603
SWE  1983     1.614     1.591
SWE  1984     1.658     1.631
SWE  1985     1.740     1.713
SWE  1986     1.800     1.772
SWE  1987     1.844     1.815
SWE  1988     1.967     1.936
SWE  1989     2.020     1.986
SWE  1990     2.140     2.103
SWE  1991     2.113     2.075
SWE  1992     2.077     2.037
SWE  1993     1.982     1.943
SWE  1994     1.883     1.844
SWE  1995     1.731     1.694
SWE  1996     1.600     1.564
SWE  1997     1.528     1.491
SWE  1998     1.517     1.479
SWE  1999     1.512     1.473
SWE  2000     1.559     1.518
SWE  2001     1.580     1.537
SWE  2002     1.665     1.619
SWE  2003     1.731     1.681
SWE  2004     1.771     1.717
SWE  2005     1.787     1.733
SWE  2006     1.869     1.811
SWE  2007     1.892     1.828
SWE  2008     1.917     1.853
SWE  2009     1.937     1.868
SWE  2010     1.987     1.914
SWE  2011     1.900     1.827
SWE  2012     1.905     1.831
SWE  2013     1.888     1.814
SWE  2014     1.880     1.803
CHE  1932     1.943     1.816
CHE  1933     1.894     1.774
CHE  1934     1.875     1.758
CHE  1935     1.843     1.729
CHE  1936     1.803     1.691
CHE  1937     1.737     1.635
CHE  1938     1.780     1.677
CHE  1939     1.793     1.697
CHE  1940     1.816     1.717
CHE  1941     2.050     1.936
CHE  1942     2.265     2.144
CHE  1943     2.403     2.274
CHE  1944     2.496     2.363
CHE  1945     2.598     2.457
CHE  1946     2.617     2.477
CHE  1947     2.559     2.424
CHE  1948     2.539     2.411
CHE  1949     2.440     2.320
CHE  1950     2.401     2.283
CHE  1951     2.301     2.190
CHE  1952     2.324     2.218
CHE  1953     2.286     2.182
CHE  1954     2.283     2.180
CHE  1955     2.302     2.197
CHE  1956     2.349     2.249
CHE  1957     2.405     2.301
CHE  1958     2.400     2.305
CHE  1959     2.424     2.328
CHE  1960     2.443     2.350
CHE  1961     2.529     2.438
CHE  1962     2.594     2.503
CHE  1963     2.666     2.578
CHE  1964     2.675     2.590
CHE  1965     2.605     2.524
CHE  1966     2.516     2.439
CHE  1967     2.408     2.333
CHE  1968     2.300     2.233
CHE  1969     2.192     2.131
CHE  1970     2.104     2.049
CHE  1971     2.038     1.987
CHE  1972     1.913     1.868
CHE  1973     1.810     1.770
CHE  1974     1.733     1.700
CHE  1975     1.614     1.585
CHE  1976     1.547     1.522
CHE  1977     1.533     1.510
CHE  1978     1.508     1.486
CHE  1979     1.522     1.503
CHE  1980     1.554     1.534
CHE  1981     1.546     1.529
CHE  1982     1.557     1.539
CHE  1983     1.519     1.502
CHE  1984     1.529     1.511
CHE  1985     1.516     1.499
CHE  1986     1.532     1.514
CHE  1987     1.516     1.498
CHE  1988     1.569     1.551
CHE  1989     1.564     1.545
CHE  1990     1.592     1.573
CHE  1991     1.596     1.573
CHE  1992     1.576     1.552
CHE  1993     1.508     1.486
CHE  1994     1.489     1.464
CHE  1995     1.477     1.453
CHE  1996     1.502     1.476
CHE  1997     1.478     1.450
CHE  1998     1.470     1.441
CHE  1999     1.482     1.451
CHE  2000     1.496     1.464
CHE  2001     1.384     1.349
CHE  2002     1.390     1.354
CHE  2003     1.385     1.349
CHE  2004     1.416     1.378
CHE  2005     1.420     1.378
CHE  2006     1.437     1.391
CHE  2007     1.456     1.407
CHE  2008     1.484     1.431
CHE  2009     1.497     1.441
CHE  2010     1.524     1.464
CHE  2011     1.518     1.455
CHE  2012     1.526     1.459
CHE  2013     1.517     1.448
CHE  2014     1.539     1.466
TWN  1976     3.062     3.019
TWN  1977     2.672     2.638
TWN  1978     2.673     2.643
TWN  1979     2.624     2.600
TWN  1980     2.484     2.462
TWN  1981     2.429     2.410
TWN  1982     2.296     2.278
TWN  1983     2.136     2.121
TWN  1984     2.034     2.021
TWN  1985     1.868     1.857
TWN  1986     1.656     1.646
TWN  1987     1.683     1.673
TWN  1988     1.831     1.822
TWN  1989     1.674     1.664
TWN  1990     1.798     1.787
TWN  1991     1.715     1.704
TWN  1992     1.729     1.719
TWN  1993     1.760     1.749
TWN  1994     1.754     1.742
TWN  1995     1.775     1.762
TWN  1996     1.769     1.756
TWN  1997     1.778     1.764
TWN  1998     1.469     1.456
TWN  1999     1.551     1.538
TWN  2000     1.674     1.658
TWN  2001     1.400     1.386
TWN  2002     1.337     1.324
TWN  2003     1.231     1.217
TWN  2004     1.177     1.163
TWN  2005     1.116     1.101
TWN  2006     1.108     1.093
TWN  2007     1.091     1.075
TWN  2008     1.050     1.032
TWN  2009     1.022     1.003
TWN  2010     0.887     0.867
TWN  2011     1.056     1.032
TWN  2012     1.257     1.227
TWN  2013     1.056     1.025
TWN  2014     1.159     1.124
UKR  1959     2.282     2.216
UKR  1960     2.248     2.187
UKR  1961     2.156     2.099
UKR  1962     2.135     2.077
UKR  1963     2.105     2.050
UKR  1964     2.015     1.963
UKR  1965     1.942     1.893
UKR  1966     2.054     2.006
UKR  1967     2.058     2.013
UKR  1968     2.048     2.005
UKR  1969     2.034     1.993
UKR  1970     2.106     2.068
UKR  1971     2.123     2.086
UKR  1972     2.125     2.087
UKR  1973     2.030     1.994
UKR  1974     2.062     2.027
UKR  1975     2.051     2.016
UKR  1976     2.047     2.014
UKR  1977     1.972     1.942
UKR  1978     1.962     1.934
UKR  1979     1.944     1.918
UKR  1980     1.938     1.914
UKR  1981     1.899     1.876
UKR  1982     1.927     1.905
UKR  1983     2.097     2.075
UKR  1984     2.076     2.055
UKR  1985     2.021     2.000
UKR  1986     2.128     2.106
UKR  1987     2.074     2.052
UKR  1988     2.058     2.038
UKR  1989     1.933     1.914
UKR  1990     1.848     1.831
UKR  1991     1.774     1.758
UKR  1992     1.673     1.658
UKR  1993     1.561     1.548
UKR  1994     1.467     1.455
UKR  1995     1.398     1.387
UKR  1996     1.335     1.325
UKR  1997     1.272     1.263
UKR  1998     1.211     1.201
UKR  1999     1.127     1.117
UKR  2000     1.116     1.106
UKR  2001     1.089     1.079
UKR  2002     1.125     1.115
UKR  2003     1.169     1.159
UKR  2004     1.215     1.203
UKR  2005     1.207     1.194
UKR  2006     1.300     1.287
UKR  2007     1.334     1.319
UKR  2008     1.446     1.428
UKR  2009     1.460     1.440
UKR  2010     1.429     1.407
UKR  2011     1.459     1.435
UKR  2012     1.531     1.505
UKR  2013     1.506     1.479
GBR_NP  1974     1.914     1.883
GBR_NP  1975     1.805     1.777
GBR_NP  1976     1.739     1.714
GBR_NP  1977     1.683     1.659
GBR_NP  1978     1.750     1.727
GBR_NP  1979     1.860     1.836
GBR_NP  1980     1.894     1.870
GBR_NP  1981     1.823     1.798
GBR_NP  1982     1.779     1.755
GBR_NP  1983     1.768     1.744
GBR_NP  1984     1.766     1.742
GBR_NP  1985     1.793     1.768
GBR_NP  1986     1.780     1.756
GBR_NP  1987     1.811     1.786
GBR_NP  1988     1.824     1.799
GBR_NP  1989     1.791     1.766
GBR_NP  1990     1.834     1.807
GBR_NP  1991     1.818     1.790
GBR_NP  1992     1.795     1.765
GBR_NP  1993     1.758     1.727
GBR_NP  1994     1.740     1.708
GBR_NP  1995     1.709     1.676
GBR_NP  1996     1.727     1.692
GBR_NP  1997     1.725     1.688
GBR_NP  1998     1.714     1.676
GBR_NP  1999     1.685     1.646
GBR_NP  2000     1.642     1.602
GBR_NP  2001     1.627     1.584
GBR_NP  2002     1.632     1.589
GBR_NP  2003     1.703     1.656
GBR_NP  2004     1.752     1.703
GBR_NP  2005     1.762     1.709
GBR_NP  2006     1.817     1.761
GBR_NP  2007     1.866     1.807
GBR_NP  2008     1.911     1.849
GBR_NP  2009     1.893     1.829
GBR_NP  2010     1.923     1.857
GBR_NP  2011     1.912     1.842
GBR_NP  2012     1.917     1.845
GBR_NP  2013     1.830     1.758
GBR_NP  2014     1.815     1.741
GBRTENW  1938     1.831     1.744
GBRTENW  1939     1.817     1.734
GBRTENW  1940     1.747     1.667
GBRTENW  1941     1.718     1.635
GBRTENW  1942     1.932     1.842
GBRTENW  1943     2.028     1.934
GBRTENW  1944     2.235     2.132
GBRTENW  1945     2.033     1.934
GBRTENW  1946     2.474     2.372
GBRTENW  1947     2.685     2.581
GBRTENW  1948     2.390     2.297
GBRTENW  1949     2.269     2.188
GBRTENW  1950     2.181     2.105
GBRTENW  1951     2.139     2.067
GBRTENW  1952     2.152     2.082
GBRTENW  1953     2.214     2.145
GBRTENW  1954     2.207     2.139
GBRTENW  1955     2.214     2.149
GBRTENW  1956     2.346     2.280
GBRTENW  1957     2.442     2.375
GBRTENW  1958     2.516     2.449
GBRTENW  1959     2.552     2.487
GBRTENW  1960     2.679     2.609
GBRTENW  1961     2.764     2.693
GBRTENW  1962     2.845     2.774
GBRTENW  1963     2.880     2.810
GBRTENW  1964     2.930     2.858
GBRTENW  1965     2.845     2.777
GBRTENW  1966     2.753     2.689
GBRTENW  1967     2.648     2.587
GBRTENW  1968     2.567     2.511
GBRTENW  1969     2.468     2.417
GBRTENW  1970     2.395     2.349
GBRTENW  1971     2.364     2.320
GBRTENW  1972     2.167     2.128
GBRTENW  1973     2.001     1.968
GBRTENW  1974     1.885     1.856
GBRTENW  1975     1.773     1.746
GBRTENW  1976     1.708     1.685
GBRTENW  1977     1.657     1.635
GBRTENW  1978     1.727     1.705
GBRTENW  1979     1.837     1.814
GBRTENW  1980     1.875     1.851
GBRTENW  1981     1.800     1.775
GBRTENW  1982     1.761     1.738
GBRTENW  1983     1.754     1.730
GBRTENW  1984     1.753     1.730
GBRTENW  1985     1.782     1.758
GBRTENW  1986     1.771     1.748
GBRTENW  1987     1.807     1.782
GBRTENW  1988     1.823     1.798
GBRTENW  1989     1.798     1.772
GBRTENW  1990     1.839     1.812
GBRTENW  1991     1.820     1.792
GBRTENW  1992     1.798     1.769
GBRTENW  1993     1.765     1.734
GBRTENW  1994     1.750     1.718
GBRTENW  1995     1.719     1.685
GBRTENW  1996     1.737     1.702
GBRTENW  1997     1.733     1.695
GBRTENW  1998     1.724     1.686
GBRTENW  1999     1.696     1.656
GBRTENW  2000     1.654     1.613
GBRTENW  2001     1.635     1.592
GBRTENW  2002     1.644     1.599
GBRTENW  2003     1.718     1.670
GBRTENW  2004     1.766     1.715
GBRTENW  2005     1.775     1.721
GBRTENW  2006     1.831     1.774
GBRTENW  2007     1.877     1.817
GBRTENW  2008     1.920     1.857
GBRTENW  2009     1.904     1.840
GBRTENW  2010     1.939     1.871
GBRTENW  2011     1.929     1.857
GBRTENW  2012     1.936     1.862
GBRTENW  2013     1.846     1.773
GBRTENW  2014     1.828     1.752
GBR_SCO  1945     2.423     2.312
GBR_SCO  1946     2.846     2.732
GBR_SCO  1947     2.970     2.849
GBR_SCO  1948     2.605     2.493
GBR_SCO  1949     2.496     2.396
GBR_SCO  1950     2.428     2.332
GBR_SCO  1951     2.394     2.303
GBR_SCO  1952     2.409     2.321
GBR_SCO  1953     2.448     2.362
GBR_SCO  1954     2.512     2.426
GBR_SCO  1955     2.543     2.460
GBR_SCO  1956     2.650     2.569
GBR_SCO  1957     2.757     2.675
GBR_SCO  1958     2.828     2.745
GBR_SCO  1959     2.844     2.766
GBR_SCO  1960     2.928     2.849
GBR_SCO  1961     2.948     2.868
GBR_SCO  1962     3.059     2.976
GBR_SCO  1963     3.027     2.949
GBR_SCO  1964     3.090     3.008
GBR_SCO  1965     2.992     2.917
GBR_SCO  1966     2.877     2.804
GBR_SCO  1967     2.870     2.799
GBR_SCO  1968     2.821     2.758
GBR_SCO  1969     2.676     2.619
GBR_SCO  1970     2.568     2.517
GBR_SCO  1971     2.530     2.482
GBR_SCO  1972     2.268     2.227
GBR_SCO  1973     2.124     2.092
GBR_SCO  1974     1.976     1.945
GBR_SCO  1975     1.898     1.871
GBR_SCO  1976     1.795     1.773
GBR_SCO  1977     1.708     1.686
GBR_SCO  1978     1.747     1.729
GBR_SCO  1979     1.847     1.826
GBR_SCO  1980     1.844     1.825
GBR_SCO  1981     1.834     1.815
GBR_SCO  1982     1.740     1.721
GBR_SCO  1983     1.696     1.678
GBR_SCO  1984     1.680     1.661
GBR_SCO  1985     1.704     1.687
GBR_SCO  1986     1.674     1.657
GBR_SCO  1987     1.681     1.664
GBR_SCO  1988     1.681     1.665
GBR_SCO  1989     1.610     1.592
GBR_SCO  1990     1.669     1.651
GBR_SCO  1991     1.699     1.678
GBR_SCO  1992     1.675     1.654
GBR_SCO  1993     1.619     1.598
GBR_SCO  1994     1.583     1.560
GBR_SCO  1995     1.558     1.533
GBR_SCO  1996     1.559     1.533
GBR_SCO  1997     1.586     1.560
GBR_SCO  1998     1.552     1.523
GBR_SCO  1999     1.517     1.487
GBR_SCO  2000     1.481     1.451
GBR_SCO  2001     1.488     1.455
GBR_SCO  2002     1.471     1.439
GBR_SCO  2003     1.522     1.486
GBR_SCO  2004     1.579     1.538
GBR_SCO  2005     1.598     1.556
GBR_SCO  2006     1.642     1.598
GBR_SCO  2007     1.701     1.655
GBR_SCO  2008     1.765     1.714
GBR_SCO  2009     1.731     1.678
GBR_SCO  2010     1.714     1.660
GBR_SCO  2011     1.697     1.640
GBR_SCO  2012     1.674     1.617
GBR_SCO  2013     1.611     1.551
GBR_SCO  2014     1.621     1.559
GBR_NIR  1974     2.649     2.560
GBR_NIR  1975     2.532     2.450
GBR_NIR  1976     2.544     2.460
GBR_NIR  1977     2.445     2.369
GBR_NIR  1978     2.513     2.446
GBR_NIR  1979     2.693     2.618
GBR_NIR  1980     2.722     2.654
GBR_NIR  1981     2.578     2.513
GBR_NIR  1982     2.528     2.467
GBR_NIR  1983     2.504     2.437
GBR_NIR  1984     2.494     2.430
GBR_NIR  1985     2.444     2.389
GBR_NIR  1986     2.446     2.388
GBR_NIR  1987     2.386     2.331
GBR_NIR  1988     2.347     2.291
GBR_NIR  1989     2.188     2.134
GBR_NIR  1990     2.204     2.153
GBR_NIR  1991     2.159     2.110
GBR_NIR  1992     2.077     2.030
GBR_NIR  1993     2.010     1.963
GBR_NIR  1994     1.949     1.901
GBR_NIR  1995     1.909     1.866
GBR_NIR  1996     1.957     1.915
GBR_NIR  1997     1.932     1.888
GBR_NIR  1998     1.906     1.864
GBR_NIR  1999     1.862     1.817
GBR_NIR  2000     1.755     1.712
GBR_NIR  2001     1.803     1.756
GBR_NIR  2002     1.760     1.713
GBR_NIR  2003     1.787     1.738
GBR_NIR  2004     1.841     1.795
GBR_NIR  2005     1.838     1.786
GBR_NIR  2006     1.901     1.845
GBR_NIR  2007     1.978     1.921
GBR_NIR  2008     2.056     1.994
GBR_NIR  2009     1.990     1.925
GBR_NIR  2010     2.023     1.960
GBR_NIR  2011     2.023     1.950
GBR_NIR  2012     2.031     1.959
GBR_NIR  2013     1.958     1.889
GBR_NIR  2014     1.970     1.898
USA  1933     2.012     1.911
USA  1934     2.072     1.973
USA  1935     2.038     1.944
USA  1936     2.007     1.919
USA  1937     2.038     1.955
USA  1938     2.092     2.010
USA  1939     2.050     1.974
USA  1940     2.113     2.037
USA  1941     2.226     2.152
USA  1942     2.465     2.392
USA  1943     2.566     2.489
USA  1944     2.439     2.359
USA  1945     2.380     2.297
USA  1946     2.830     2.747
USA  1947     3.161     3.077
USA  1948     3.009     2.930
USA  1949     3.022     2.945
USA  1950     3.020     2.944
USA  1951     3.203     3.124
USA  1952     3.302     3.222
USA  1953     3.372     3.292
USA  1954     3.494     3.411
USA  1955     3.538     3.456
USA  1956     3.654     3.570
USA  1957     3.738     3.654
USA  1958     3.689     3.609
USA  1959     3.689     3.609
USA  1960     3.667     3.587
USA  1961     3.626     3.545
USA  1962     3.481     3.403
USA  1963     3.354     3.280
USA  1964     3.222     3.149
USA  1965     2.926     2.858
USA  1966     2.714     2.651
USA  1967     2.564     2.507
USA  1968     2.467     2.416
USA  1969     2.457     2.410
USA  1970     2.461     2.417
USA  1971     2.268     2.230
USA  1972     2.008     1.975
USA  1973     1.871     1.842
USA  1974     1.827     1.802
USA  1975     1.769     1.744
USA  1976     1.739     1.716
USA  1977     1.783     1.761
USA  1978     1.747     1.727
USA  1979     1.795     1.774
USA  1980     1.821     1.801
USA  1981     1.805     1.785
USA  1982     1.814     1.794
USA  1983     1.783     1.764
USA  1984     1.792     1.773
USA  1985     1.835     1.815
USA  1986     1.835     1.814
USA  1987     1.865     1.843
USA  1988     1.922     1.898
USA  1989     1.999     1.974
USA  1990     2.069     2.042
USA  1991     2.058     2.029
USA  1992     2.043     2.013
USA  1993     2.019     1.988
USA  1994     2.003     1.971
USA  1995     1.982     1.948
USA  1996     1.980     1.945
USA  1997     1.974     1.938
USA  1998     2.003     1.965
USA  1999     2.009     1.970
USA  2000     2.054     2.012
USA  2001     2.031     1.989
USA  2002     2.024     1.981
USA  2003     2.053     2.007
USA  2004     2.058     2.010
USA  2005     2.061     2.012
USA  2006     2.112     2.061
USA  2007     2.122     2.070
USA  2008     2.074     2.020
USA  2009     2.002     1.948
USA  2010     1.925     1.871
USA  2011     1.888     1.834
USA  2012     1.873     1.818
USA  2013     1.849     1.792
USA  2014     1.860     1.802
USA  2015     1.844     1.784
